01     295.22       1.66     16239     44545    54.130    4.35
02     351.93       1.69     46989     34833   156.630    1.31
03     609.33       1.85     91936     17765   306.453    0.57
04     768.38       1.98      9691      7200    32.303    2.46
05     934.09       1.95      5941      8321    19.803    4.58
06    1120.30       2.14     26859      7021    89.530    1.14
07    1238.13       2.36      9761      4462    32.537    2.16
08    1377.71       2.23      6558      2948    21.860    2.44
09    1460.96       2.35       512      2193     1.707   20.51
10    1509.20       2.23      3338      4485    11.127    6.11
11    1764.50       2.53     21835      2003    72.783    0.96
12    2118.50       2.63      1457       473     4.857    4.67
13    2204.10       2.80      5995       604    19.983    1.80
14    2447.77       3.04      1825       198     6.083    3.84
