01     295.04       1.71     13620     43650    45.400    5.12
02     351.76       1.71     43869     32453   146.230    1.35
03     609.11       1.84     85752     17334   285.840    0.60
04     768.13       1.96      9216      7090    30.720    2.55
05     933.79       2.07      5312      8220    17.707    5.06
06    1119.99       2.12     25828      6630    86.093    1.15
07    1237.83       2.31      9799      4134    32.663    2.09
08    1377.39       2.31      6424      2833    21.413    2.46
09    1460.04       2.29       653      2062     2.177   15.77
10    1508.90       2.60      3558      3870    11.860    5.37
11    1764.14       2.57     20474      2593    68.247    1.08
12    2118.28       2.91      1339       519     4.463    5.23
13    2203.66       3.02      5765       544    19.217    1.82
14    2447.25       2.96      1755       241     5.850    4.22
