01     295.17       1.67     12646     41615    42.153    5.39
02     351.84       1.70     38871     32173   129.570    1.51
03     609.22       1.87     80751     17078   269.170    0.62
04     768.27       1.94      9010      6738    30.033    2.55
05     933.95       2.05      5276      7719    17.587    4.95
06    1120.18       2.15     24783      6384    82.610    1.18
07    1237.99       2.30      9140      4134    30.467    2.23
08    1377.53       2.23      5938      2833    19.793    2.63
09    1460.70       1.99       496      2066     1.653   20.56
10    1509.00       2.18      3303      4028    11.010    5.87
11    1764.34       2.57     20732      1820    69.107    0.98
12    2118.30       3.01      1407       478     4.690    4.83
13    2203.87       2.97      5520       527    18.400    1.87
14    2447.42       2.68      1545       383     5.150    5.57
