01     295.17       1.66     10382     41015    34.607    6.49
02     351.85       1.68     35107     31373   117.023    1.64
03     609.26       1.83     76781     16124   255.937    0.64
04     768.29       1.91      7963      7084    26.543    2.91
05     933.95       2.10      5570      7310    18.567    4.58
06    1120.19       2.17     23799      6290    79.330    1.21
07    1238.00       2.26      8948      4291    29.827    2.30
08    1377.54       2.34      5734      2855    19.113    2.72
09    1460.76       2.50       616      1905     2.053   16.07
10    1509.08       2.40      2726      4200     9.087    7.19
11    1764.37       2.53     19712      1962    65.707    1.03
12    2118.33       2.74      1355       379     4.517    4.65
13    2203.90       2.80      5426       502    18.087    1.86
14    2447.41       3.20      1635       269     5.450    4.65
