01     295.21       1.64      7518     37829    25.060    8.59
02     351.90       1.71     28282     29138    94.273    1.95
03     609.30       1.83     67384     14813   224.613    0.69
04     768.38       1.93      7813      6034    26.043    2.78
05     934.05       2.09      4566      7102    15.220    5.48
06    1120.26       2.09     21457      6375    71.523    1.33
07    1238.04       2.24      8260      3793    27.533    2.36
08    1377.62       2.27      5465      2585    18.217    2.73
09    1460.59       2.28       732      1652     2.440   12.70
10    1509.07       2.49      2972      3480     9.907    6.06
11    1764.41       2.50     18578      1606    61.927    1.03
12    2118.48       2.65      1208       368     4.027    5.05
13    2203.99       2.88      5183       374    17.277    1.79
14    2447.52       3.06      1392       269     4.640    5.32
