01     295.24       1.66     10906     40445    36.353    6.14
02     351.94       1.74     32763     31510   109.210    1.76
03     609.35       1.85     69422     16069   231.407    0.69
04     768.40       2.06      7573      6644    25.243    2.97
05     934.09       2.11      4722      7224    15.740    5.34
06    1120.33       2.17     21490      6545    71.633    1.34
07    1238.16       2.27      8139      4025    27.130    2.45
08    1377.71       2.25      5303      2904    17.677    2.92
09    1460.90       2.63       650      1737     2.167   14.62
10    1509.33       2.54      2700      3945     9.000    7.04
11    1764.56       2.55     18423      1840    61.410    1.07
12    2118.65       2.75      1154       408     3.847    5.46
13    2204.10       2.86      5088       476    16.960    1.93
14    2447.60       3.00      1477       326     4.923    5.42
