01     295.26       1.68      7704     36000    25.680    8.19
02     351.99       1.67     22846     27064    76.153    2.32
03     609.35       1.84     52234     14740   174.113    0.86
04     768.40       1.87      5953      6232    19.843    3.63
05     934.13       1.98      3893      6371    12.977    6.06
06    1120.34       2.17     17707      5466    59.023    1.49
07    1238.18       2.33      6896      3437    22.987    2.67
08    1377.71       2.24      4724      2250    15.747    2.94
09    1460.57       2.43       673      1587     2.243   13.52
10    1509.22       2.31      2436      3203     8.120    7.06
11    1764.58       2.66     15684      1627    52.280    1.17
12    2118.56       2.64      1125       298     3.750    4.98
13    2204.15       2.87      4347       408    14.490    2.09
14    2447.72       2.95      1278       227     4.260    5.40
