01     295.25       1.57      1833     26914     6.110   29.57
02     351.99       1.72      7064     20094    23.547    6.30
03     609.35       1.81     22682     10166    75.607    1.57
04     768.46       1.93      2953      4087     9.843    5.82
05     934.01       2.15      1766      4752     5.887   11.38
06    1120.38       2.18      9371      3876    31.237    2.29
07    1238.16       2.25      3607      2433    12.023    4.19
08    1377.75       2.42      2461      1733     8.203    4.75
09    1460.98       2.46       586      1043     1.953   12.80
10    1509.28       2.35      1503      2078     5.010    9.18
11    1764.58       2.58      9806       966    32.687    1.46
12    2118.62       2.75       646       204     2.153    6.97
13    2204.16       2.63      2864       145     9.547    2.27
14    2447.73       3.20       923       113     3.077    5.53
