01     295.24       1.62      9089     40248    30.297    7.34
02     351.92       1.70     34682     31595   115.607    1.67
03     609.32       1.85     81277     16702   270.923    0.62
04     768.34       1.92      9090      6749    30.300    2.53
05     934.04       1.96      5496      7733    18.320    4.77
06    1120.28       2.18     25098      6919    83.660    1.20
07    1238.12       2.22      9775      3916    32.583    2.06
08    1377.68       2.35      6244      2877    20.813    2.53
09    1460.74       2.74       518      2028     1.727   19.69
10    1509.24       2.39      3148      4095    10.493    6.19
11    1764.45       2.57     20870      2135    69.567    1.01
12    2118.39       3.04      1417       414     4.723    4.59
13    2203.98       2.85      5670       519    18.900    1.82
14    2447.59       2.95      1674       241     5.580    4.36
