01     295.24       1.69      6664     34958    22.213    9.32
02     351.88       1.65     26650     27446    88.833    2.01
03     609.29       1.85     72750     15721   242.500    0.66
04     768.29       1.91      7898      6815    26.327    2.89
05     934.00       2.03      5333      7195    17.777    4.74
06    1120.25       2.12     24214      6307    80.713    1.20
07    1238.11       2.30      9019      3922    30.063    2.21
08    1377.57       2.28      5869      2783    19.563    2.64
09    1460.74       2.73       636      1836     2.120   15.41
10    1509.09       2.39      3127      3908    10.423    6.11
11    1764.44       2.52     20105      1749    67.017    0.99
12    2118.45       2.53      1356       315     4.520    4.35
13    2204.01       3.03      5504       434    18.347    1.78
14    2447.66       3.13      1607       283     5.357    4.79
