01     295.16       1.81      3208     27868    10.693   17.21
02     351.89       1.62     13827     23486    46.090    3.52
03     609.31       1.84     56879     13374   189.597    0.77
04     768.36       1.91      6885      5896    22.950    3.09
05     934.06       2.15      4856      6206    16.187    4.86
06    1120.28       2.14     21364      5389    71.213    1.26
07    1238.08       2.20      7991      3526    26.637    2.37
08    1377.66       2.29      5039      2624    16.797    2.96
09    1461.09       2.38       546      1794     1.820   17.58
10    1509.20       2.54      2926      3465     9.753    6.15
11    1764.47       2.62     18391      1545    61.303    1.03
12    2118.51       2.75      1244       309     4.147    4.66
13    2203.96       2.82      5226       289    17.420    1.70
14    2447.53       2.77      1583       142     5.277    3.85
