01     295.34       1.07       956     18910     3.187   47.49
02     351.94       1.67      3319     15393    11.063   11.66
03     609.33       1.81     30441     10404   101.470    1.21
04     768.38       1.89      4402      4791    14.673    4.29
05     934.09       2.00      2998      5569     9.993    7.34
06    1120.30       2.16     15404      4480    51.347    1.56
07    1238.14       2.16      5860      2979    19.533    2.92
08    1377.66       2.23      4091      1931    13.637    3.15
09    1460.91       1.53       584      1353     1.947   14.38
10    1509.25       2.36      2055      2775     6.850    7.79
11    1764.55       2.60     14336      1281    47.787    1.18
12    2118.50       3.10       929       222     3.097    5.27
13    2204.02       2.70      4026       323    13.420    2.09
14    2447.51       3.01      1224       184     4.080    5.15
